t x1p
0 0.5
0.01001001001001 0.505488489790272
0.02002002002002 0.51094252613744
0.03003003003003 0.516361492349334
0.04004004004004 0.52174479350284
0.0500500500500501 0.527091856443896
0.0600600600600601 0.532402129787496
0.0700700700700701 0.537675083917686
0.0800800800800801 0.542910210987566
0.0900900900900901 0.54810702491929
0.1001001001001 0.553265059313841
0.11011011011011 0.558383870713452
0.12012012012012 0.563463039525323
0.13013013013013 0.568502166549505
0.14014014014014 0.573500872976678
0.15015015015015 0.57845880038815
0.16016016016016 0.583375610755859
0.17017017017017 0.588250986442372
0.18018018018018 0.593084630200884
0.19019019019019 0.597876265175221
0.2002002002002 0.602625634899837
0.21021021021021 0.607332503299817
0.22022022022022 0.611996654690871
0.23023023023023 0.616617893779343
0.24024024024024 0.621196045662202
0.25025025025025 0.625730943914845
0.26026026026026 0.630222442525117
0.27027027027027 0.63467042612704
0.28028028028028 0.639074794584422
0.29029029029029 0.643435462980216
0.3003003003003 0.647752361616513
0.31031031031031 0.652025436014546
0.32032032032032 0.656254646914687
0.33033033033033 0.660439970276452
0.34034034034034 0.664581397278494
0.35035035035035 0.668678934318609
0.36036036036036 0.672732603013734
0.37037037037037 0.676742440199945
0.38038038038038 0.680708497932459
0.39039039039039 0.684630843485636
0.4004004004004 0.688509559352974
0.41041041041041 0.692344743247113
0.42042042042042 0.696136508099833
0.43043043043043 0.699884981101465
0.44044044044044 0.703590268827429
0.45045045045045 0.707252510011917
0.46046046046046 0.710871870909916
0.47047047047047 0.714448525283654
0.48048048048048 0.717982654402606
0.49049049049049 0.72147444704349
0.500500500500501 0.724924099490267
0.510510510510511 0.728331815534143
0.520520520520521 0.731697806473567
0.530530530530531 0.735022291114233
0.540540540540541 0.738305495769079
0.550550550550551 0.741547654258286
0.560560560560561 0.744749007909278
0.570570570570571 0.747909805556727
0.580580580580581 0.751030303542544
0.590590590590591 0.754110765715887
0.600600600600601 0.757151463433157
0.610610610610611 0.760152675557998
0.620620620620621 0.763114688461302
0.630630630630631 0.766037796021199
0.640640640640641 0.768922299623067
0.650650650650651 0.771768508159526
0.660660660660661 0.774576738030443
0.670670670670671 0.777347313142924
0.680680680680681 0.780080557269267
0.690690690690691 0.782776755361438
0.700700700700701 0.785436229639141
0.710710710710711 0.788059311607002
0.720720720720721 0.790646333611028
0.730730730730731 0.7931976288386
0.740740740740741 0.795713531318482
0.750750750750751 0.798194375920812
0.760760760760761 0.800640498357111
0.770770770770771 0.803052235180275
0.780780780780781 0.805429923784579
0.790790790790791 0.807773902405679
0.800800800800801 0.810084510120607
0.810810810810811 0.812362086847773
0.820820820820821 0.814606973346967
0.830830830830831 0.816819511219357
0.840840840840841 0.81900004290749
0.850850850850851 0.82114891169529
0.860860860860861 0.823266461708062
0.870870870870871 0.825353037912486
0.880880880880881 0.827408986116623
0.890890890890891 0.829434652969911
0.900900900900901 0.831430385963169
0.910910910910911 0.833396533428591
0.920920920920921 0.835333444539753
0.930930930930931 0.837241469311605
0.940940940940941 0.83912095860048
0.950950950950951 0.840972264104086
0.960960960960961 0.842795738361513
0.970970970970971 0.844591734753226
0.980980980980981 0.846360607413765
0.990990990990991 0.848102696250077
1.001001001001 0.849818326971595
1.01101101101101 0.851507826764141
1.02102102102102 0.853171520814459
1.03103103103103 0.854809732310214
1.04104104104104 0.856422782439995
1.05105105105105 0.858010990393314
1.06106106106106 0.859574673360605
1.07107107107107 0.861114146533223
1.08108108108108 0.86262972310345
1.09109109109109 0.864121714264485
1.1011011011011 0.865590429210454
1.11111111111111 0.867036175136404
1.12112112112112 0.868459257238303
1.13113113113113 0.869859978713046
1.14114114114114 0.871238640758445
1.15115115115115 0.872595542573239
1.16116116116116 0.873930981357087
1.17117117117117 0.875245252310573
1.18118118118118 0.876538648635201
1.19119119119119 0.877811461533399
1.2012012012012 0.879063980208518
1.21121121121121 0.88029649186483
1.22122122122122 0.881509281707531
1.23123123123123 0.882702632942739
1.24124124124124 0.883876826777496
1.25125125125125 0.885032142419764
1.26126126126126 0.88616885707843
1.27127127127127 0.887287245963302
1.28128128128128 0.888387582285111
1.29129129129129 0.889470137255511
1.3013013013013 0.890535180087078
1.31131131131131 0.891582977993313
1.32132132132132 0.892613796188635
1.33133133133133 0.89362789788839
1.34134134134134 0.894625544308843
1.35135135135135 0.89560699468412
1.36136136136136 0.896572515751948
1.37137137137137 0.897522349083882
1.38138138138138 0.898456716101055
1.39139139139139 0.899375836355449
1.4014014014014 0.900279927529893
1.41141141141141 0.901169205438063
1.42142142142142 0.902043884024481
1.43143143143143 0.902904175364517
1.44144144144144 0.903750289664389
1.45145145145145 0.904582435261161
1.46146146146146 0.905400818622744
1.47147147147147 0.906205644347897
1.48148148148148 0.906997115166226
1.49149149149149 0.907775431938184
1.5015015015015 0.90854079365507
1.51151151151151 0.909293397439032
1.52152152152152 0.910033438543064
1.53153153153153 0.910761110351009
1.54154154154154 0.911476604377553
1.55155155155155 0.912180110268234
1.56156156156156 0.912871815799435
1.57157157157157 0.913551906878384
1.58158158158158 0.91422056754316
1.59159159159159 0.914877979962687
1.6016016016016 0.915524324436736
1.61161161161161 0.916159779395927
1.62162162162162 0.916784521401725
1.63163163163163 0.917398725146442
1.64164164164164 0.91800256345324
1.65165165165165 0.918596207276125
1.66166166166166 0.919179825699952
1.67167167167167 0.919753585940422
1.68168168168168 0.920317653344085
1.69169169169169 0.920872191388335
1.7017017017017 0.921417361681416
1.71171171171171 0.921953323962419
1.72172172172172 0.92248023610128
1.73173173173173 0.922998254098784
1.74174174174174 0.923507532086562
1.75175175175175 0.924008222327094
1.76176176176176 0.924500475213705
1.77177177177177 0.924984439270568
1.78178178178178 0.925460261152704
1.79179179179179 0.92592808691795
1.8018018018018 0.926388074039924
1.81181181181181 0.926840346088385
1.82182182182182 0.927285015026974
1.83183183183183 0.927722191894343
1.84184184184184 0.928151986804151
1.85185185185185 0.928574508945062
1.86186186186186 0.928989866580749
1.87187187187187 0.929398167049891
1.88188188188188 0.929799516766175
1.89189189189189 0.930194021218294
1.9019019019019 0.930581784969951
1.91191191191191 0.930962911659852
1.92192192192192 0.931337504001714
1.93193193193193 0.931705663784258
1.94194194194194 0.932067491871215
1.95195195195195 0.932423088201321
1.96196196196196 0.93277255178832
1.97197197197197 0.933115980720964
1.98198198198198 0.93345347216301
1.99199199199199 0.933785122353224
2.002002002002 0.934111026605379
2.01201201201201 0.934431279308254
2.02202202202202 0.934745973925636
2.03203203203203 0.93505520299632
2.04204204204204 0.935359058134106
2.05205205205205 0.935657630027804
2.06206206206206 0.935951008441228
2.07207207207207 0.936239282213201
2.08208208208208 0.936522539257554
2.09209209209209 0.936800866563123
2.1021021021021 0.937074350193752
2.11211211211211 0.937343075288293
2.12212212212212 0.937607126060604
2.13213213213213 0.937866585799552
2.14214214214214 0.938121536869008
2.15215215215215 0.938372060707853
2.16216216216216 0.938618237829974
2.17217217217217 0.938860147824265
2.18218218218218 0.939097869354628
2.19219219219219 0.939331480159972
2.2022022022022 0.939561057054211
2.21221221221221 0.93978667592627
2.22222222222222 0.940008411740078
2.23223223223223 0.940226338534573
2.24224224224224 0.940440529423699
2.25225225225225 0.940651056596407
2.26226226226226 0.940857991316656
2.27227227227227 0.941061403923413
2.28228228228228 0.941261363830651
2.29229229229229 0.941457939527348
2.3023023023023 0.941651198577494
2.31231231231231 0.941841208233933
2.32232232232232 0.942028025444803
2.33233233233233 0.94221169442858
2.34234234234234 0.94239225872588
2.35235235235235 0.942569761592181
2.36236236236236 0.942744245997822
2.37237237237237 0.942915754628004
2.38238238238238 0.94308432988279
2.39239239239239 0.943250013877101
2.4024024024024 0.943412848440722
2.41241241241241 0.943572875118298
2.42242242242242 0.943730135169338
2.43243243243243 0.943884669568207
2.44244244244244 0.944036519004137
2.45245245245245 0.944185723881216
2.46246246246246 0.944332324318398
2.47247247247247 0.944476360149494
2.48248248248248 0.94461787092318
2.49249249249249 0.944756895902991
2.5025025025025 0.944893474067322
2.51251251251251 0.945027644109434
2.52252252252252 0.945159444437444
2.53253253253253 0.945288913174333
2.54254254254254 0.945416088157942
2.55255255255255 0.945541006940976
2.56256256256256 0.945663706790997
2.57257257257257 0.945784224690432
2.58258258258258 0.945902597336567
2.59259259259259 0.946018861141549
2.6026026026026 0.946133052232389
2.61261261261261 0.946245206450956
2.62262262262262 0.946355359353983
2.63263263263263 0.946463546213061
2.64264264264264 0.946569802014646
2.65265265265265 0.946674161460052
2.66266266266266 0.946776658965457
2.67267267267267 0.946877328661897
2.68268268268268 0.946976204395273
2.69269269269269 0.947073319726345
2.7027027027027 0.947168707930733
2.71271271271271 0.947262401998921
2.72272272272272 0.947354434636254
2.73273273273273 0.947444838262936
2.74274274274274 0.947533645014034
2.75275275275275 0.947620886739476
2.76276276276276 0.94770659500405
2.77277277277277 0.947790801087408
2.78278278278278 0.947873535984061
2.79279279279279 0.947954830403381
2.8028028028028 0.948034714769603
2.81281281281281 0.948113219221821
2.82282282282282 0.948190373613993
2.83283283283283 0.948266207514936
2.84284284284284 0.94834075020833
2.85285285285285 0.948414030692713
2.86286286286286 0.948486077681489
2.87287287287287 0.948556919602919
2.88288288288288 0.948626584600128
2.89289289289289 0.948695100531101
2.9029029029029 0.948762494968685
2.91291291291291 0.948828795200586
2.92292292292292 0.948894020901448
2.93293293293293 0.948958178199381
2.94294294294294 0.949021279485193
2.95295295295295 0.94908333727941
2.96296296296296 0.949144364069453
2.97297297297297 0.949204372309633
2.98298298298298 0.949263374421152
2.99299299299299 0.949321382792106
3.003003003003 0.94937840977748
3.01301301301301 0.949434467699152
3.02302302302302 0.949489568845891
3.03303303303303 0.94954372547336
3.04304304304304 0.94959694980411
3.05305305305305 0.949649254027587
3.06306306306306 0.949700650300126
3.07307307307307 0.949751150744955
3.08308308308308 0.949800767452194
3.09309309309309 0.949849512478854
3.1031031031031 0.949897397848838
3.11311311311311 0.94994443555294
3.12312312312312 0.949990637548847
3.13313313313313 0.950036015761135
3.14314314314314 0.950080582081276
3.15315315315315 0.950124348367629
3.16316316316316 0.950167326445449
3.17317317317317 0.950209528106878
3.18318318318318 0.950250965110954
3.19319319319319 0.950291649183605
3.2032032032032 0.950331592017649
3.21321321321321 0.950370805272798
3.22322322322322 0.950409300575655
3.23323323323323 0.950447089519714
3.24324324324324 0.950484183665361
3.25325325325325 0.950520594539875
3.26326326326326 0.950556333637424
3.27327327327327 0.950591412419071
3.28328328328328 0.950625842312766
3.29329329329329 0.950659634713357
3.3033033033033 0.950692800982577
3.31331331331331 0.950725352449056
3.32332332332332 0.950757300408312
3.33333333333333 0.950788656122757
3.34334334334334 0.950819430821694
3.35335335335335 0.950849635701316
3.36336336336336 0.950879281924711
3.37337337337337 0.950908380621856
3.38338338338338 0.95093694288962
3.39339339339339 0.950964979791765
3.4034034034034 0.950992502358944
3.41341341341341 0.9510195215887
3.42342342342342 0.951046048445471
3.43343343343343 0.951072093860583
3.44344344344344 0.951097668732256
3.45345345345345 0.951122783925602
3.46346346346346 0.951147450272624
3.47347347347347 0.951171678572215
3.48348348348348 0.951195479590161
3.49349349349349 0.951218864059142
3.5035035035035 0.951241842678725
3.51351351351351 0.951264426115373
3.52352352352352 0.951286625002438
3.53353353353353 0.951308449940164
3.54354354354354 0.951329911495688
3.55355355355355 0.951351020203038
3.56356356356356 0.951371786563132
3.57357357357357 0.951392221043782
3.58358358358358 0.951412334079691
3.59359359359359 0.951432136072453
3.6036036036036 0.951451637390554
3.61361361361361 0.951470848369373
3.62362362362362 0.951489779311178
3.63363363363363 0.951508440485131
3.64364364364364 0.9515268416912
3.65365365365365 0.951544973268972
3.66366366366366 0.951562828750678
3.67367367367367 0.951580410200104
3.68368368368368 0.951597719701269
3.69369369369369 0.951614759358426
3.7037037037037 0.95163153129606
3.71371371371371 0.951648037658892
3.72372372372372 0.951664280611872
3.73373373373373 0.951680262340185
3.74374374374374 0.95169598504925
3.75375375375375 0.951711450964717
3.76376376376376 0.951726662332471
3.77377377377377 0.951741621418628
3.78378378378378 0.951756330509538
3.79379379379379 0.951770791911785
3.8038038038038 0.951785007952185
3.81381381381381 0.951798980977788
3.82382382382382 0.951812713355874
3.83383383383383 0.95182620747396
3.84384384384384 0.951839465739794
3.85385385385385 0.951852490581357
3.86386386386386 0.951865284446864
3.87387387387387 0.951877849804763
3.88388388388388 0.951890189143733
3.89389389389389 0.951902304972688
3.9039039039039 0.951914199820775
3.91391391391391 0.951925876237373
3.92392392392392 0.951937336792096
3.93393393393393 0.951948584074788
3.94394394394394 0.951959620695528
3.95395395395395 0.951970449284629
3.96396396396396 0.951981072492635
3.97397397397397 0.951991492990324
3.98398398398398 0.952001713468706
3.99399399399399 0.952011736639027
4.004004004004 0.952021565232761
4.01401401401401 0.952031202001621
4.02402402402402 0.952040649717548
4.03403403403403 0.95204991117272
4.04404404404404 0.952058989179544
4.05405405405405 0.952067886570663
4.06406406406406 0.952076606198952
4.07407407407407 0.95208515093752
4.08408408408408 0.952093523679708
4.09409409409409 0.95210172733909
4.1041041041041 0.952109764849473
4.11411411411411 0.952117639164898
4.12412412412412 0.952125353259639
4.13413413413413 0.952132910128201
4.14414414414414 0.952140312785325
4.15415415415415 0.952147564265983
4.16416416416416 0.95215466762538
4.17417417417417 0.952161625938955
4.18418418418418 0.95216844230238
4.19419419419419 0.95217511983156
4.2042042042042 0.952181661662632
4.21421421421421 0.952188070951966
4.22422422422422 0.952194350876168
4.23423423423423 0.952200504632074
4.24424424424424 0.952206535436753
4.25425425425425 0.952212446527509
4.26426426426426 0.952218241161877
4.27427427427427 0.952223922617627
4.28428428428428 0.952229494192761
4.29429429429429 0.952234959205514
4.3043043043043 0.952240320994353
4.31431431431431 0.952245582917981
4.32432432432432 0.952250748355331
4.33433433433433 0.952255820705571
4.34434434434434 0.952260803388101
4.35435435435435 0.952265699842554
4.36436436436436 0.952270513528796
4.37437437437437 0.952275247926928
4.38438438438438 0.952279906537282
4.39439439439439 0.952284492880422
4.4044044044044 0.952289010497149
4.41441441441441 0.952293462948492
4.42442442442442 0.952297853815717
4.43443443443443 0.952302186700322
4.44444444444444 0.952306465224037
4.45445445445445 0.952310693028826
4.46446446446446 0.952314873776885
4.47447447447447 0.952319011150645
4.48448448448448 0.952323108852769
4.49449449449449 0.952327170606152
4.5045045045045 0.952331200153923
4.51451451451451 0.952335201259444
4.52452452452452 0.952339177389066
4.53453453453453 0.952343114938673
4.54454454454454 0.952347004843942
4.55455455455455 0.952350846886825
4.56456456456456 0.952354640864551
4.57457457457457 0.952358386589623
4.58458458458458 0.952362083889818
4.59459459459459 0.952365732608189
4.6046046046046 0.952369332603061
4.61461461461461 0.952372883748036
4.62462462462462 0.952376385931991
4.63463463463463 0.952379839059077
4.64464464464464 0.952383243048718
4.65465465465465 0.952386597835616
4.66466466466466 0.952389903369744
4.67467467467467 0.952393159616353
4.68468468468468 0.952396366555967
4.69469469469469 0.952399524184385
4.7047047047047 0.952402632512679
4.71471471471471 0.9524056915672
4.72472472472472 0.952408701389569
4.73473473473473 0.952411662036684
4.74474474474474 0.952414573580718
4.75475475475475 0.952417436109118
4.76476476476476 0.952420249724605
4.77477477477477 0.952423014545175
4.78478478478478 0.952425730704101
4.79479479479479 0.952428398349927
4.8048048048048 0.952431017646474
4.81481481481481 0.952433588772837
4.82482482482482 0.952436111923386
4.83483483483483 0.952438587307766
4.84484484484484 0.952441015150895
4.85485485485485 0.952443395692968
4.86486486486486 0.952445729189452
4.87487487487487 0.952448015911092
4.88488488488488 0.952450256143905
4.89489489489489 0.952452450189184
4.9049049049049 0.952454598363496
4.91491491491491 0.952456700998682
4.92492492492492 0.952458758441861
4.93493493493493 0.952460771055422
4.94494494494494 0.952462739217032
4.95495495495495 0.952464663319632
4.96496496496496 0.952466543771437
4.97497497497497 0.952468380995936
4.98498498498498 0.952470175431896
4.99499499499499 0.952471927533355
5.00500500500501 0.952473637769627
5.01501501501502 0.952475306625301
5.02502502502503 0.95247693460024
5.03503503503504 0.952478522209584
5.04504504504505 0.952480069983743
5.05505505505506 0.952481578468407
5.06506506506507 0.952483048224537
5.07507507507508 0.952484479828371
5.08508508508509 0.952485873871419
5.0950950950951 0.952487230960468
5.10510510510511 0.952488551717578
5.11511511511512 0.952489836780086
5.12512512512513 0.952491086800602
5.13513513513514 0.952492302447011
5.14514514514515 0.952493484402472
5.15515515515516 0.95249463336542
5.16516516516517 0.952495750049564
5.17517517517518 0.952496835183888
5.18518518518519 0.952497889512649
5.1951951951952 0.952498913795381
5.20520520520521 0.952499908806892
5.21521521521522 0.952500875337264
5.22522522522523 0.952501814191855
5.23523523523524 0.952502726191295
5.24524524524525 0.952503612171492
5.25525525525526 0.952504472983628
5.26526526526527 0.952505309494156
5.27527527527528 0.952506122584809
5.28528528528529 0.952506913152592
5.2952952952953 0.952507682109783
5.30530530530531 0.952508430383939
5.31531531531532 0.952509158917888
5.32532532532533 0.952509868669734
5.33533533533534 0.952510560612856
5.34534534534535 0.952511235735907
5.35535535535536 0.952511895042815
5.36536536536537 0.952512539552783
5.37537537537538 0.952513170300288
5.38538538538539 0.952513788335083
5.3953953953954 0.952514394722193
5.40540540540541 0.952514990541921
5.41541541541542 0.952515576889843
5.42542542542543 0.952516154876808
5.43543543543544 0.952516725628944
5.44544544544545 0.952517290287649
5.45545545545546 0.9525178500096
5.46546546546547 0.952518405966744
5.47547547547548 0.952518959346307
5.48548548548549 0.952519511350787
5.4954954954955 0.952520063197959
5.50550550550551 0.952520616120869
5.51551551551552 0.952521171367842
5.52552552552553 0.952521730202475
5.53553553553554 0.952522293903639
5.54554554554555 0.952522863765483
5.55555555555556 0.952523441097427
5.56556556556557 0.952524027224169
5.57557557557558 0.952524623485678
5.58558558558559 0.952525231237201
5.5955955955956 0.952525851849259
5.60560560560561 0.952526486707645
5.61561561561562 0.952527136911266
5.62562562562563 0.95252779159215
5.63563563563564 0.952528444502853
5.64564564564565 0.952529095341504
5.65565565565566 0.952529743812199
5.66566566566567 0.952530389625005
5.67567567567568 0.952531032495957
5.68568568568569 0.952531672147057
5.6956956956957 0.952532308306278
5.70570570570571 0.952532940707561
5.71571571571572 0.952533569090814
5.72572572572573 0.952534193201915
5.73573573573574 0.952534812792711
5.74574574574575 0.952535427621018
5.75575575575576 0.952536037450619
5.76576576576577 0.952536642051266
5.77577577577578 0.952537241198682
5.78578578578579 0.952537834674555
5.7957957957958 0.952538422266545
5.80580580580581 0.952539003768278
5.81581581581582 0.95253957897935
5.82582582582583 0.952540147705326
5.83583583583584 0.95254070975774
5.84584584584585 0.952541264954092
5.85585585585586 0.952541813117854
5.86586586586587 0.952542354078465
5.87587587587588 0.952542887671331
5.88588588588589 0.952543413737831
5.8958958958959 0.952543932125309
5.90590590590591 0.952544442687079
5.91591591591592 0.952544945282423
5.92592592592593 0.952545439776592
5.93593593593594 0.952545926040807
5.94594594594595 0.952546403952255
5.95595595595596 0.952546873394094
5.96596596596597 0.952547334255449
5.97597597597598 0.952547786431416
5.98598598598599 0.952548229823056
5.995995995996 0.952548664337403
6.00600600600601 0.952549089887455
6.01601601601602 0.952549506392183
6.02602602602603 0.952549913776524
6.03603603603604 0.952550311971384
6.04604604604605 0.952550700913638
6.05605605605606 0.952551080546131
6.06606606606607 0.952551450817674
6.07607607607608 0.952551811683048
6.08608608608609 0.952552163103004
6.0960960960961 0.95255250504426
6.10610610610611 0.952552837479502
6.11611611611612 0.952553160387386
6.12612612612613 0.952553473752537
6.13613613613614 0.952553777565547
6.14614614614615 0.952554071822978
6.15615615615616 0.952554356527362
6.16616616616617 0.952554631687195
6.17617617617618 0.952554897316947
6.18618618618619 0.952555153437053
6.1961961961962 0.952555400073918
6.20620620620621 0.952555637259917
6.21621621621622 0.952555865033391
6.22622622622623 0.952556083438651
6.23623623623624 0.952556292525976
6.24624624624625 0.952556492351616
6.25625625625626 0.952556682977787
6.26626626626627 0.952556864472674
6.27627627627628 0.952557036910432
6.28628628628629 0.952557200371184
6.2962962962963 0.952557354941021
6.30630630630631 0.952557500712003
6.31631631631632 0.95255763778216
6.32632632632633 0.952557766255489
6.33633633633634 0.952557886241955
6.34634634634635 0.952557997857495
6.35635635635636 0.952558101224011
6.36636636636637 0.952558196469376
6.37637637637638 0.95255828372743
6.38638638638639 0.952558363137983
6.3963963963964 0.952558434846813
6.40640640640641 0.952558499005667
6.41641641641642 0.952558555772261
6.42642642642643 0.952558605310278
6.43643643643644 0.952558647789371
6.44644644644645 0.952558683385162
6.45645645645646 0.952558712279242
6.46646646646647 0.952558734659168
6.47647647647648 0.952558750718468
6.48648648648649 0.952558760656638
6.4964964964965 0.952558764679144
6.50650650650651 0.952558762997418
6.51651651651652 0.952558755828863
6.52652652652653 0.952558743396848
6.53653653653654 0.952558725930715
6.54654654654655 0.95255870366577
6.55655655655656 0.952558676843291
6.56656656656657 0.952558645710523
6.57657657657658 0.95255861052068
6.58658658658659 0.952558571532944
6.5965965965966 0.952558529012468
6.60660660660661 0.95255848323037
6.61661661661662 0.95255843446374
6.62662662662663 0.952558382995636
6.63663663663664 0.952558329115082
6.64664664664665 0.952558273117074
6.65665665665666 0.952558215302575
6.66666666666667 0.952558155978518
6.67667667667668 0.952558095457802
6.68668668668669 0.952558034059297
6.6966966966967 0.952557972107841
6.70670670670671 0.952557909934241
6.71671671671672 0.952557847875272
6.72672672672673 0.952557786273678
6.73673673673674 0.952557725478171
6.74674674674675 0.952557665843433
6.75675675675676 0.952557607730114
6.76676676676677 0.952557551504832
6.77677677677678 0.952557497540174
6.78678678678679 0.952557446214697
6.7967967967968 0.952557397912926
6.80680680680681 0.952557353025352
6.81681681681682 0.952557311948439
6.82682682682683 0.952557275084616
6.83683683683684 0.952557242842284
6.84684684684685 0.952557215635809
6.85685685685686 0.952557193885529
6.86686686686687 0.952557178017748
6.87687687687688 0.952557168464741
6.88688688688689 0.95255716566475
6.8968968968969 0.952557170061986
6.90690690690691 0.952557182106629
6.91691691691692 0.952557202254827
6.92692692692693 0.952557230968698
6.93693693693694 0.952557268716328
6.94694694694695 0.95255731597177
6.95695695695696 0.952557373215049
6.96696696696697 0.952557440932156
6.97697697697698 0.95255751961505
6.98698698698699 0.952557609761663
6.996996996997 0.95255771187589
7.00700700700701 0.952557825808007
7.01701701701702 0.952557945270059
7.02702702702703 0.95255806842267
7.03703703703704 0.952558195075402
7.04704704704705 0.952558325040269
7.05705705705706 0.952558458131727
7.06706706706707 0.95255859416668
7.07707707707708 0.952558732964478
7.08708708708709 0.952558874346916
7.0970970970971 0.952559018138239
7.10710710710711 0.952559164165134
7.11711711711712 0.952559312256736
7.12712712712713 0.952559462244628
7.13713713713714 0.952559613962836
7.14714714714715 0.952559767247834
7.15715715715716 0.952559921938543
7.16716716716717 0.952560077876329
7.17717717717718 0.952560234905005
7.18718718718719 0.95256039287083
7.1971971971972 0.95256055162251
7.20720720720721 0.952560711011195
7.21721721721722 0.952560870890484
7.22722722722723 0.952561031116422
7.23723723723724 0.952561191547498
7.24724724724725 0.952561352044649
7.25725725725726 0.952561512471258
7.26726726726727 0.952561672693155
7.27727727727728 0.952561832578615
7.28728728728729 0.95256199199836
7.2972972972973 0.952562150825558
7.30730730730731 0.952562308935824
7.31731731731732 0.952562466207218
7.32732732732733 0.952562622520248
7.33733733733734 0.952562777757866
7.34734734734735 0.952562931805473
7.35735735735736 0.952563084550914
7.36736736736737 0.95256323588448
7.37737737737738 0.952563385698912
7.38738738738739 0.952563533889392
7.3973973973974 0.952563680353553
7.40740740740741 0.952563824991472
7.41741741741742 0.952563967705671
7.42742742742743 0.952564108401122
7.43743743743744 0.952564246985239
7.44744744744745 0.952564383367886
7.45745745745746 0.95256451746137
7.46746746746747 0.952564649180448
7.47747747747748 0.95256477844232
7.48748748748749 0.952564905166634
7.4974974974975 0.952565029275483
7.50750750750751 0.952565150693408
7.51751751751752 0.952565269347395
7.52752752752753 0.952565385166876
7.53753753753754 0.952565498083731
7.54754754754755 0.952565608032284
7.55755755755756 0.952565714949308
7.56756756756757 0.95256581877402
7.57757757757758 0.952565919448083
7.58758758758759 0.952566016915609
7.5975975975976 0.952566111123154
7.60760760760761 0.952566202019721
7.61761761761762 0.952566289556759
7.62762762762763 0.952566373688163
7.63763763763764 0.952566454370276
7.64764764764765 0.952566531561884
7.65765765765766 0.952566605224224
7.66766766766767 0.952566675320974
7.67767767767768 0.952566741818262
7.68768768768769 0.952566804684662
7.6976976976977 0.952566863891192
7.70770770770771 0.952566919411318
7.71771771771772 0.952566971220953
7.72772772772773 0.952567019298454
7.73773773773774 0.952567063624626
7.74774774774775 0.95256710418272
7.75775775775776 0.952567140958433
7.76776776776777 0.952567173939909
7.77777777777778 0.952567203117737
7.78778778778779 0.952567228484952
7.7977977977978 0.952567250037039
7.80780780780781 0.952567267771924
7.81781781781782 0.952567281689983
7.82782782782783 0.952567291794036
7.83783783783784 0.952567298089352
7.84784784784785 0.952567300583644
7.85785785785786 0.952567299287071
7.86786786786787 0.952567294212241
7.87787787787788 0.952567285374205
7.88788788788789 0.952567272790462
7.8978978978979 0.952567256480957
7.90790790790791 0.952567236468083
7.91791791791792 0.952567212776675
7.92792792792793 0.952567185434019
7.93793793793794 0.952567154469844
7.94794794794795 0.952567119916327
7.95795795795796 0.952567081808091
7.96796796796797 0.952567040182205
7.97797797797798 0.952566995078183
7.98798798798799 0.952566946537988
7.997997997998 0.952566894606028
8.00800800800801 0.952566839329157
8.01801801801802 0.952566780756674
8.02802802802803 0.952566718940327
8.03803803803804 0.95256665393431
8.04804804804805 0.95256658579526
8.05805805805806 0.952566514582264
8.06806806806807 0.952566440356854
8.07807807807808 0.952566363183008
8.08808808808809 0.952566283127149
8.0980980980981 0.95256620025815
8.10810810810811 0.952566114647326
8.11811811811812 0.952566026368442
8.12812812812813 0.952565935497706
8.13813813813814 0.952565842113775
8.14814814814815 0.95256574629775
8.15815815815816 0.952565648133181
8.16816816816817 0.952565547706061
8.17817817817818 0.952565445104831
8.18818818818819 0.95256534042038
8.1981981981982 0.95256523374604
8.20820820820821 0.952565125177591
8.21821821821822 0.95256501481326
8.22822822822823 0.952564902753718
8.23823823823824 0.952564789102085
8.24824824824825 0.952564673963924
8.25825825825826 0.952564557447249
8.26826826826827 0.952564439662515
8.27827827827828 0.952564320722627
8.28828828828829 0.952564200742935
8.2982982982983 0.952564079841235
8.30830830830831 0.952563958137769
8.31831831831832 0.952563835755228
8.32832832832833 0.952563712818745
8.33833833833834 0.952563589455902
8.34834834834835 0.952563465796728
8.35835835835836 0.952563341973696
8.36836836836837 0.952563218121726
8.37837837837838 0.952563094378185
8.38838838838839 0.952562970882886
8.3983983983984 0.952562847778088
8.40840840840841 0.952562725208496
8.41841841841842 0.952562603321263
8.42842842842843 0.952562482265986
8.43843843843844 0.95256236219471
8.44844844844845 0.952562243261924
8.45845845845846 0.952562125624567
8.46846846846847 0.95256200944202
8.47847847847848 0.952561894876114
8.48848848848849 0.952561782091125
8.4984984984985 0.952561671253773
8.50850850850851 0.952561562533228
8.51851851851852 0.952561456101103
8.52852852852853 0.952561352131461
8.53853853853854 0.952561250800807
8.54854854854855 0.952561152288096
8.55855855855856 0.952561056774726
8.56856856856857 0.952560964444545
8.57857857857858 0.952560875483843
8.58858858858859 0.952560790081361
8.5985985985986 0.952560708428281
8.60860860860861 0.952560630718236
8.61861861861862 0.952560557147303
8.62862862862863 0.952560487914006
8.63863863863864 0.952560423219314
8.64864864864865 0.952560363266643
8.65865865865866 0.952560308261857
8.66866866866867 0.952560258413264
8.67867867867868 0.952560213931618
8.68868868868869 0.952560175030122
8.6986986986987 0.952560141924423
8.70870870870871 0.952560114832614
8.71871871871872 0.952560093975236
8.72872872872873 0.952560079575276
8.73873873873874 0.952560071858166
8.74874874874875 0.952560071051786
8.75875875875876 0.952560077386459
8.76876876876877 0.952560091094959
8.77877877877878 0.952560112412503
8.78878878878879 0.952560141576755
8.7987987987988 0.952560178827825
8.80880880880881 0.952560224408271
8.81881881881882 0.952560278563095
8.82882882882883 0.952560341539747
8.83883883883884 0.952560411795398
8.84884884884885 0.952560482125746
8.85885885885886 0.952560551736238
8.86886886886887 0.952560620615808
8.87887887887888 0.952560688753773
8.88888888888889 0.952560756139843
8.8988988988989 0.952560822764115
8.90890890890891 0.952560888617072
8.91891891891892 0.952560953689587
8.92892892892893 0.952561017972921
8.93893893893894 0.952561081458725
8.94894894894895 0.952561144139034
8.95895895895896 0.952561206006275
8.96896896896897 0.952561267053262
8.97897897897898 0.952561327273196
8.98898898898899 0.952561386659668
8.998998998999 0.952561445206656
9.00900900900901 0.952561502908527
9.01901901901902 0.952561559760035
9.02902902902903 0.952561615756325
9.03903903903904 0.952561670892926
9.04904904904905 0.952561725165759
9.05905905905906 0.952561778571131
9.06906906906907 0.952561831105739
9.07907907907908 0.952561882766665
9.08908908908909 0.952561933551383
9.0990990990991 0.952561983457753
9.10910910910911 0.952562032484024
9.11911911911912 0.952562080628832
9.12912912912913 0.952562127891203
9.13913913913914 0.95256217427055
9.14914914914915 0.952562219766674
9.15915915915916 0.952562264379766
9.16916916916917 0.952562308110403
9.17917917917918 0.952562350959552
9.18918918918919 0.952562392928566
9.1991991991992 0.952562434019188
9.20920920920921 0.95256247423355
9.21921921921922 0.95256251357417
9.22922922922923 0.952562552043954
9.23923923923924 0.9525625896462
9.24924924924925 0.952562626384589
9.25925925925926 0.952562662263195
9.26926926926927 0.952562697286477
9.27927927927928 0.952562731459282
9.28928928928929 0.952562764786849
9.2992992992993 0.9525627972748
9.30930930930931 0.95256282892915
9.31931931931932 0.952562859756298
9.32932932932933 0.952562889763035
9.33933933933934 0.952562918956538
9.34934934934935 0.952562947344372
9.35935935935936 0.952562974934491
9.36936936936937 0.952563001735237
9.37937937937938 0.952563027755341
9.38938938938939 0.952563053003921
9.3993993993994 0.952563077490484
9.40940940940941 0.952563101224924
9.41941941941942 0.952563124217524
9.42942942942943 0.952563146478957
9.43943943943944 0.952563168020281
9.44944944944945 0.952563188852944
9.45945945945946 0.952563208988782
9.46946946946947 0.95256322844002
9.47947947947948 0.952563247219268
9.48948948948949 0.952563265339529
9.4994994994995 0.95256328281419
9.50950950950951 0.952563299657029
9.51951951951952 0.952563315882211
9.52952952952953 0.952563331504289
9.53953953953954 0.952563346538204
9.54954954954955 0.952563360999287
9.55955955955956 0.952563374903255
9.56956956956957 0.952563388266215
9.57957957957958 0.952563401104661
9.58958958958959 0.952563413435475
9.5995995995996 0.952563425275929
9.60960960960961 0.952563436643681
9.61961961961962 0.952563447556778
9.62962962962963 0.952563458033656
9.63963963963964 0.952563468093139
9.64964964964965 0.952563477754438
9.65965965965966 0.952563487037153
9.66966966966967 0.952563495961272
9.67967967967968 0.952563504547173
9.68968968968969 0.952563512815619
9.6996996996997 0.952563520787764
9.70970970970971 0.952563528485148
9.71971971971972 0.952563535929701
9.72972972972973 0.952563543143741
9.73973973973974 0.952563550149972
9.74974974974975 0.952563556971488
9.75975975975976 0.952563563631773
9.76976976976977 0.952563570154696
9.77977977977978 0.952563576564515
9.78978978978979 0.952563582885877
9.7997997997998 0.952563589143818
9.80980980980981 0.95256359536376
9.81981981981982 0.952563601571515
9.82982982982983 0.952563607793281
9.83983983983984 0.952563614055648
9.84984984984985 0.95256362038559
9.85985985985986 0.952563626810472
9.86986986986987 0.952563633358046
9.87987987987988 0.952563640056453
9.88988988988989 0.952563646934222
9.8998998998999 0.952563654020269
9.90990990990991 0.9525636613439
9.91991991991992 0.952563668934807
9.92992992992993 0.952563676823073
9.93993993993994 0.952563685039168
9.94994994994995 0.952563693613949
9.95995995995996 0.952563702578662
9.96996996996997 0.952563711964942
9.97997997997998 0.952563721804812
9.98998998998999 0.952563732130682
10 0.952563742975352
